30_70_45_095_100.mps 2.168998 0.325143 0.016918 2.511059
acc-tight4.mps 0.111117 0.023563 0.132697 0.267378
acc-tight5.mps 0.067561 0.005188 0.000000 0.072749
acc-tight6.mps 0.065998 0.005112 0.000000 0.071110
air04.mps 0.431152 0.056414 0.018816 0.506381
ash608gpia-3col.mps 3.267313 0.178806 0.368169 3.814289
bg512142.mps 0.012760 0.001161 0.000000 0.013921
biella1.mps 5.704004 2.645756 1.151974 9.501734
bnatt350.mps 2.887179 15.143095 3.331777 21.362051
bnatt400.mps 3.883634 21.966980 4.303576 30.154190
core2536-691.mps 2.541584 0.436201 0.083531 3.061316
core4872-1529.mps 72.079102 31.174238 4.829195 108.082535
cov1075.mps 0.007730 0.002392 0.011148 0.021270
dolom1.mps 45.086618 18.293626 7.131676 70.511920
eilB101.mps 0.011830 0.001375 0.000000 0.013205
enlight13.mps 0.002322 0.000474 0.004681 0.007477
enlight14.mps 0.002385 0.000360 0.004672 0.007417
enlight15.mps 0.003647 0.000471 0.005570 0.009689
enlight16.mps 0.003498 0.000514 0.007806 0.011818
enlight9.mps 0.001650 0.000393 0.003194 0.005237
ex1010-pi.mps 874.464559 153.458421 56.023746 1083.946725
glass4.mps 0.003908 0.002050 0.003243 0.009201
gmu-35-50.mps 0.556155 0.757384 0.453389 1.766928
go19.mps 0.005582 0.003170 0.026589 0.035340
hanoi5.mps 1.904183 0.062387 0.000000 1.966570
ic97_potential.mps 0.007679 0.001387 0.000645 0.009712
iis-bupa-cov.mps 0.230247 0.022773 0.027233 0.280253
iis-pima-cov.mps 0.465938 0.270584 0.222841 0.959363
lectsched-2.mps 284.160846 1329.697116 59.698789 1673.556751
lectsched-4-obj.mps 31.559936 159.652867 13.230546 204.443349
leo2.mps 0.528161 0.015243 0.000000 0.543404
liu.mps 0.027364 0.006822 0.001697 0.035883
macrophage.mps 0.603619 1.540852 0.444719 2.589189
mcsched.mps 0.060335 0.027508 0.010553 0.098396
methanosarcina.mps 39.705457 242.639807 18.765090 301.110354
mkc.mps 1.624990 2.168639 0.286431 4.080060
momentum1.mps 7.220092 0.273966 0.000000 7.494058
momentum3.mps 16.442309 54.285997 4.471815 75.200121
n3seq24.mps 415.200170 27.108887 4.434576 446.743632
neos-1109824.mps 3.640331 0.041752 0.073515 3.755597
neos-1112782.mps 0.092282 0.010235 0.000000 0.102516
neos-1112787.mps 0.064696 0.013424 0.001818 0.079938
neos-1225589.mps 0.015572 0.005297 0.001795 0.022663
neos-1337307.mps 0.259337 0.035543 0.037188 0.332068
neos-1396125.mps 0.028288 0.004666 0.030308 0.063263
neos-1426662.mps 0.106466 0.219449 0.214548 0.540463
neos-1436709.mps 0.030958 0.047750 0.065024 0.143732
neos-1440460.mps 0.013458 0.019150 0.031021 0.063628
neos-1442119.mps 0.033243 0.058599 0.070170 0.162012
neos-1442657.mps 0.038370 0.090209 0.118810 0.247388
neos-1601936.mps 3.447018 6.844767 2.500783 12.792567
neos-1605061.mps 1.102632 1.566703 0.731720 3.401055
neos-1605075.mps 0.817872 1.368430 0.550969 2.737271
neos-1620770.mps 0.713872 0.031317 0.048434 0.793623
neos16.mps 0.007178 0.000489 0.000000 0.007667
neos18.mps 2.414993 14.474239 1.890001 18.779234
neos-555424.mps 0.671275 1.008602 0.367144 2.047022
neos-693347.mps 0.095403 0.009335 0.000000 0.104738
neos-738098.mps 5.028186 1.021951 1.569522 7.619659
neos-777800.mps 0.229376 0.009070 1.737285 1.975732
neos-785912.mps 0.069690 0.080024 0.127752 0.277466
neos788725.mps 0.004974 0.001018 0.007737 0.013729
neos-820146.mps 0.033927 0.123349 0.117338 0.274615
neos-820157.mps 0.194004 0.982057 0.690668 1.866729
neos-826650.mps 6.216526 6.522245 1.539210 14.277981
neos-826694.mps 73.587117 74.377753 7.645337 155.610207
neos-826812.mps 6.127616 4.290765 2.265728 12.684109
neos-826841.mps 0.417876 0.216238 0.313000 0.947114
neos-847302.mps 0.010354 0.000912 0.000000 0.011267
neos-849702.mps 0.042245 0.008711 0.128640 0.179596
neos858960.mps 0.001809 0.000201 0.000000 0.002010
neos-859770.mps 2.547419 12.415201 12.222355 27.184975
neos-911880.mps 0.011074 0.004050 0.010334 0.025458
neos-935627.mps 11.706568 30.527526 7.099931 49.334026
neos-935769.mps 9.736215 26.909190 6.197231 42.842636
neos-937511.mps 11.866368 29.590398 6.115440 47.572206
neos-937815.mps 16.977342 40.577723 8.054467 65.609532
neos-941262.mps 19.142154 47.776589 8.947423 75.866165
neos-942830.mps 0.014405 0.001293 0.000000 0.015698
neos-948126.mps 15.022194 38.854667 8.563741 62.440601
neos-957389.mps 1.390585 1.400153 1.078151 3.868890
neos-984165.mps 13.569129 34.733117 7.450729 55.752976
noswot.mps 0.001011 0.000124 0.000000 0.001135
ns1208400.mps 0.155583 0.022720 0.256417 0.434720
ns1456591.mps 1.640710 0.634636 0.893641 3.168987
ns1606230.mps 0.857670 1.420439 0.532292 2.810401
ns1702808.mps 0.020396 0.005548 0.001262 0.027206
ns1766074.mps 0.001290 0.000154 0.000000 0.001444
ns1830653.mps 0.107304 0.137931 0.091085 0.336320
ns1856153.mps 8.378004 0.615440 4.003513 12.996957
ns1905800.mps 0.639818 0.149939 0.125294 0.915051
ns2081729.mps 0.016331 0.005568 0.007719 0.029618
ns894236.mps 1.974064 1.075823 0.120357 3.170244
nsr8k.mps 188.385026 60.946347 17.017778 266.349151
nu60-pr9.mps 1.342249 0.662863 0.785796 2.790908
p2m2p1m1p0n100.mps 0.000258 0.000289 0.001830 0.002377
p6b.mps 0.191202 0.013372 0.037238 0.241812
pigeon-10.mps 0.020636 0.047989 0.055771 0.124396
pigeon-11.mps 0.028317 0.068489 0.069253 0.166059
pigeon-12.mps 0.063814 0.203201 0.176251 0.443266
pigeon-13.mps 0.057944 0.144891 0.113117 0.315952
pigeon-19.mps 0.292660 0.786360 0.329858 1.408879
protfold.mps 0.065620 0.006431 0.279717 0.351769
pw-myciel4.mps 0.351850 0.009073 0.027838 0.388762
queens-30.mps 0.048361 0.006240 0.944695 0.999296
ramos3.mps 0.151946 0.019305 2.735907 2.907157
rococoB10-011000.mps 0.108150 0.009229 0.000000 0.117379
rococoC12-111000.mps 20.276315 55.928531 3.234617 79.439463
roll3000.mps 0.038884 0.007976 0.002953 0.049813
satellites1-25.mps 9.048432 13.043214 1.625121 23.716767
sct1.mps 764.152013 1443.646335 60.108886 2267.907234
seymour-disj-10.mps 0.474290 0.509108 0.573724 1.557122
seymour.mps 0.342648 1.665273 0.897987 2.905908
shipsched.mps 12.777927 26.270588 0.875479 39.923994
siena1.mps 27.011506 11.515956 5.375071 43.902533
sing245.mps 437.375525 43.064559 0.000000 480.440084
sing2.mps 10.081477 1.092772 0.000000 11.174249
sp97ar.mps 1.013786 0.219086 0.050478 1.283350
sp98ir.mps 0.036828 0.005356 0.000000 0.042184
stockholm.mps 20.907399 1.484981 0.000000 22.392381
sts405.mps 20.363627 0.042623 0.099258 20.505509
swath.mps 9.709372 3.267941 0.947726 13.925039
t1722.mps 1556.921341 53.026901 22.488437 1632.436679
tanglegram2.mps 2.498563 78.102725 11.448969 92.050257
timtab1.mps 0.002884 0.002063 0.004180 0.009127
toll-like.mps 1.484373 5.554800 1.190174 8.229346
uc-case11.mps 21.876566 5.994334 0.762658 28.633558
uct-subprob.mps 0.331419 0.571952 0.219696 1.123067
wachplan.mps 0.165922 0.027386 0.298113 0.491421
zib54-UUE.mps 0.159165 0.022730 0.004758 0.186653
